8.73
6.00
7.16
9.68
8.94
3.25
7.10
4.90
4.99
6.02
5.49
8.11
6.72
5.44
6.09
5.87
8.19
4.79
5.83
3.49
0.09
6.51
6.93
3.72
9.74
2.29
5.29
4.83
8.27
8.14
5.51
5.96
3.42
1.24
4.50
5.51
7.66
7.60
4.43
4.60
3.10
2.36
1.79
9.10
4.18
4.32
2.69
6.75
1.97
4.77
3.41
5.97
4.18
2.84
5.14
6.06
5.33
5.80
3.93
4.47
3.86
4.48
3.57
1.75
5.55
4.40
1.94
6.13
3.39
5.30
6.66
5.46
7.48
2.73
6.00
3.83
3.46
4.04
4.58
5.31
2.87
7.00
6.13
2.13
8.18
8.99
7.56
4.84
3.06
7.31
4.39
7.64
5.62
7.15
5.91
6.61
5.22
8.77
5.45
6.00
8.97
2.50
2.66
7.14
2.85
9.09
4.37
3.71
9.05
8.16
8.94
7.01
3.48
9.02
4.66
6.80
7.09
4.89
6.43
7.04
5.95
3.00
5.80
7.85
3.81
4.90
4.33
8.90
6.54
6.01
3.66
6.28
3.85
5.26
3.93
6.55
6.35
4.78
5.99
3.01
2.22
6.08
5.53
6.47
9.97
7.09
3.37
7.43
2.57
4.28
5.06
8.63
3.71
3.55
5.00
3.87
7.45
3.04
2.91
4.32
4.20
9.06
7.10
5.38
2.75
6.89
3.20
2.11
7.58
5.83
7.04
5.84
6.91
3.90
3.13
6.56
3.59
3.82
4.29
5.23
4.49
2.45
3.91
0.75
6.45
2.00
2.99
5.30
3.72
8.29
2.61
5.73
5.12
2.86
6.25
4.86
6.74
6.85
9.53
7.87
4.46
4.72
7.40
6.51
6.48
1.97
5.15
3.72
5.76
5.00
7.02
5.83
6.77
4.27
3.31
4.38
5.17
5.96
9.72
5.12
3.29
4.51
4.27
6.16
2.12
5.33
5.51
5.66
4.01
4.72
2.35
4.21
4.11
6.03
2.89
6.76
8.19
1.06
6.05
6.55
3.93
4.41
4.93
4.60
4.58
1.85
7.50
7.36
3.57
2.27
6.24
4.05
5.48
4.56
6.58
6.59
3.75
2.43
2.03
6.42
2.82
4.19
4.01
5.09
1.33
5.58
6.25
5.38
4.58
5.39
6.00
0.00
9.11
5.98
3.90
4.42
6.19
4.97
1.14
9.33
4.98
7.24
3.82
8.27
5.77
6.42
3.11
7.62
6.58
7.80
3.94
4.24
9.81
3.08
4.93
7.47
5.40
6.37
4.40
5.94
2.59
8.52
4.96
3.84
6.53
4.28
2.53
2.51
6.59
4.88
4.93
7.36
2.95
3.74
4.43
5.39
5.12
4.63
5.08
4.99
3.76
3.57
5.75
3.42
2.89
4.58
4.88
9.71
3.79
7.09
6.69
2.82
6.75
2.83
0.00
6.41
1.69
6.10
3.83
8.52
7.34
4.29
3.82
2.77
4.32
4.64
4.47
5.51
6.36
5.90
3.67
2.32
7.93
3.82
3.90
4.16
1.51
4.24
4.24
6.44
6.60
5.21
7.06
5.88
5.17
5.52
4.82
4.41
4.66
2.94
5.76
3.21
6.88
4.70
5.30
6.19
6.49
2.06
4.79
6.96
1.80
5.97
0.69
3.15
5.28
1.89
3.23
2.26
8.50
5.53
6.33
4.75
4.49
1.97
4.62
3.68
6.92
7.48
8.13
6.91
4.00
2.97
6.73
5.91
1.66
5.91
6.83
5.32
4.83
3.58
2.31
6.80
4.58
4.73
8.67
6.57
5.94
5.48
8.24
8.64
7.06
6.36
1.01
5.45
4.94
5.39
7.09
0.00
4.06
5.74
4.27
2.37
6.94
5.75
3.26
5.83
6.84
5.21
6.80
5.36
4.41
2.88
5.03
5.59
6.95
4.97
6.11
3.27
3.63
4.98
3.09
6.84
6.13
5.76
5.88
9.24
4.26
0.80
5.60
5.10
4.16
3.24
4.32
5.56
4.19
10.02
3.28
3.61
0.62
5.70
1.17
4.12
4.65
3.78
8.68
7.19
7.84
3.44
7.46
6.19
6.74
7.26
3.38
4.35
6.93
0.00
8.23
6.31
5.11
5.64
3.14
4.50
7.40
7.80
10.59
5.05
3.88
4.17
3.16
5.04
5.97
5.13
7.39
4.73
4.51
4.04
1.93
2.06
2.84
7.80
6.99
7.95
2.54
1.26
3.88
5.55
6.20
7.30
5.77
8.69
4.75
3.37
1.84
3.42
5.68
3.42
7.07
8.02
0.46
6.93
0.72
6.00
7.65
5.33
2.64
4.03
4.68
4.84
4.79
4.98
5.63
2.78
4.72
8.24
4.43
4.31
7.36
0.08
7.56
3.94
5.53
5.39
7.08
4.66
3.84
7.80
0.47
5.24
2.50
3.68
9.22
5.11
5.59
1.64
3.74
5.59
5.91
6.43
5.22
6.25
6.11
1.54
5.27
6.74
6.38
4.47
3.59
2.96
4.94
7.47
1.30
3.88
2.92
6.77
4.09
4.26
4.77
6.09
4.42
0.00
6.29
6.08
4.76
3.03
5.90
5.96
4.26
4.77
3.34
4.84
2.10
6.03
3.31
5.68
2.39
4.02
4.98
1.88
5.43
4.44
1.72
2.59
6.41
6.99
4.94
6.01
5.65
5.86
7.77
2.19
6.55
4.44
4.75
4.60
4.45
2.75
5.57
8.54
5.09
5.20
3.83
4.97
6.13
4.46
4.29
6.01
3.36
5.70
6.84
7.92
5.02
7.94
7.27
3.21
2.76
4.59
7.26
5.06
4.00
8.30
5.77
0.56
5.83
6.24
5.65
6.10
5.07
2.56
4.46
3.31
3.33
2.67
6.10
5.40
4.30
3.90
5.15
7.36
1.19
5.95
4.11
1.43
1.31
3.37
5.64
5.99
3.32
7.23
8.05
5.99
4.02
7.45
6.71
6.93
3.89
0.00
9.43
1.98
5.13
9.96
5.86
7.10
2.20
1.64
4.13
7.38
4.51
3.61
5.60
7.36
2.31
2.78
3.62
7.39
5.67
9.46
7.07
5.13
7.73
5.62
3.79
6.56
3.81
4.62
7.86
5.00
3.59
4.27
7.24
4.09
4.43
4.18
5.57
4.43
2.00
3.43
3.33
7.69
6.83
6.37
4.19
3.57
4.18
3.10
10.19
0.71
6.33
2.63
4.99
3.22
2.84
2.92
8.71
4.93
3.67
6.31
5.22
6.64
1.55
5.81
6.75
1.88
6.10
8.59
5.17
6.84
6.54
3.78
5.28
2.07
4.30
5.73
6.65
5.25
6.64
2.99
5.00
5.24
8.90
4.77
4.20
5.24
3.36
5.59
4.47
1.62
5.08
4.56
1.94
5.07
8.18
6.24
6.42
2.52
6.15
5.50
6.26
6.05
2.48
5.12
3.68
5.10
3.41
7.82
3.48
3.40
5.35
3.05
4.35
3.54
8.02
6.77
5.09
4.42
7.08
6.01
6.20
5.15
1.82
4.98
4.14
6.49
7.22
3.88
6.14
8.67
3.86
8.56
3.49
5.25
5.18
5.22
3.52
4.02
3.86
5.85
5.86
9.65
7.94
4.18
5.85
7.19
5.26
5.06
5.30
6.93
3.50
4.55
6.14
5.82
5.68
4.46
7.15
9.47
6.01
4.81
6.71
4.12
3.70
5.27
0.03
2.89
4.50
2.49
3.13
4.33
1.91
4.39
4.13
5.25
7.51
5.55
5.24
5.40
5.65
3.17
4.97
5.82
2.46
6.93
7.36
3.94
4.72
3.44
6.60
3.08
4.76
3.48
5.30
1.61
7.85
3.27
5.32
4.77
3.68
3.42
7.07
4.15
5.74
3.60
3.91
6.14
7.06
4.85
2.36
9.20
3.49
2.12
10.39
4.39
2.28
3.83
5.94
5.58
3.50
8.85
4.16
2.83
7.12
7.86
3.57
2.40
7.26
1.11
2.75
7.13
5.09
4.67
5.91
4.89
2.60
7.75
7.85
5.61
5.29
9.88
4.65
4.68
5.93
8.14
8.39
4.68
5.82
2.44
4.58
3.52
3.19
8.56
3.62
4.14
5.93
7.80
6.16
10.72
5.05
5.72
5.75
8.07
6.21
4.97
3.31
5.69
8.00
4.38
6.26
5.69
6.93
3.59
9.89
2.64
4.47
7.08
5.79
6.86
4.21
5.05
5.22
8.34
6.58
6.79
3.88
7.14
5.65
7.98
9.23
4.59
4.39
3.47
4.91
4.44
5.92
4.91
4.48
7.33
3.32
6.07
4.39
6.65
7.97
4.59
6.08
5.56
3.60
5.68
5.78
6.03
4.80
5.39
2.90
4.48
6.31
6.98
4.36
5.41
5.66
5.60
6.28
1.56
5.10
5.68
3.20
8.55
5.52
8.33
3.62
3.39
5.65
1.84
5.63
5.39
7.23
6.60
4.37
3.01
