2.25
5.02
10.65
5.57
8.59
6.16
8.49
1.73
5.29
8.67
5.89
6.08
5.22
9.17
7.04
6.41
7.91
7.77
6.83
10.17
6.15
7.00
4.69
6.68
10.27
4.69
3.47
8.79
5.93
6.54
6.19
6.50
8.43
4.20
3.77
6.51
2.28
2.87
10.97
8.19
6.27
9.40
3.70
5.51
7.86
8.53
7.58
0.00
3.88
7.49
5.41
12.65
8.62
7.70
3.51
6.21
6.90
9.12
8.50
8.88
3.99
9.83
2.85
4.96
7.38
5.93
3.78
4.25
2.43
7.63
9.45
6.05
5.30
2.62
8.58
11.83
1.81
3.64
4.60
4.89
6.87
10.34
8.82
7.62
4.49
3.50
4.31
10.17
6.15
5.18
5.84
8.36
3.02
9.84
6.69
5.76
7.41
6.85
5.44
5.67
4.13
7.94
4.97
3.91
6.71
9.62
6.18
4.78
7.31
11.14
2.67
7.26
6.81
9.20
8.78
5.83
2.09
8.32
4.21
3.93
9.17
4.02
9.81
7.14
7.10
7.07
2.20
1.86
6.84
7.72
6.51
4.25
6.35
6.09
3.91
8.83
1.97
7.77
7.26
8.82
3.79
6.55
11.73
7.96
6.55
7.65
6.52
11.78
8.76
6.09
6.93
5.32
9.32
2.78
2.29
9.95
11.68
7.47
6.58
7.94
4.68
6.73
6.40
7.87
2.41
5.03
8.41
4.61
3.82
11.41
6.40
4.85
2.07
8.12
8.05
5.55
3.54
6.24
4.21
3.94
6.04
3.67
6.92
7.82
4.20
2.88
10.20
3.95
4.65
6.83
7.80
5.66
7.45
5.30
3.87
9.87
12.52
10.54
6.65
10.88
7.19
5.11
7.47
6.06
3.84
4.05
8.31
1.68
7.81
2.23
1.00
1.70
11.22
5.81
6.52
9.85
8.64
2.82
8.47
6.76
5.45
6.36
9.50
4.09
7.30
6.28
1.81
4.29
6.78
9.54
8.80
7.79
4.26
10.80
6.84
3.78
5.84
8.54
6.32
8.52
9.06
7.30
4.16
6.64
6.41
10.95
2.23
5.96
4.84
7.14
0.21
9.09
6.33
1.69
5.40
7.82
2.32
6.31
3.66
4.91
6.37
6.76
5.12
6.98
8.34
5.60
9.88
9.96
5.23
4.71
2.14
5.98
5.39
8.25
2.53
5.61
8.72
4.47
4.39
2.68
12.85
4.43
3.05
4.29
4.36
5.63
8.36
5.55
3.99
2.67
6.35
6.41
10.13
6.53
6.05
3.67
5.54
5.20
5.37
3.90
7.65
5.94
5.80
2.01
7.53
7.52
4.20
8.78
2.89
6.25
5.62
3.01
6.77
10.56
6.47
5.14
7.42
6.56
6.37
5.24
9.85
7.44
4.98
6.03
4.45
4.78
4.70
3.46
8.24
5.57
7.69
4.62
6.15
4.52
8.10
5.68
4.47
2.20
6.99
4.53
6.26
5.07
8.69
7.66
7.42
4.76
7.47
10.59
4.22
6.73
2.18
9.80
5.31
8.26
1.99
10.79
5.41
7.66
6.68
5.66
10.51
2.18
7.05
8.58
6.23
6.00
5.94
3.23
6.40
7.58
6.47
5.62
5.08
5.60
9.44
1.08
6.40
5.48
9.94
6.44
10.01
0.99
7.45
7.00
9.78
2.20
5.91
6.47
5.06
9.34
5.45
11.39
8.94
8.68
7.70
3.64
5.22
7.73
7.99
9.57
5.13
4.15
8.45
4.28
8.48
9.30
7.44
5.41
6.40
7.78
6.33
11.80
3.82
3.79
3.86
4.83
0.85
4.73
4.67
6.50
7.34
3.20
8.55
10.81
5.78
10.24
6.80
11.27
9.09
2.39
6.35
8.94
6.38
6.21
9.47
4.53
6.34
7.11
5.47
6.25
8.24
7.38
4.28
3.54
4.33
6.30
5.90
4.22
4.80
2.50
7.34
6.20
3.15
6.37
9.66
4.45
9.59
5.49
6.79
6.54
9.80
6.70
3.45
3.02
2.47
2.02
6.42
3.90
6.10
4.54
4.37
5.10
8.06
8.62
7.23
3.83
7.91
8.02
6.99
4.79
8.07
7.36
0.00
7.91
1.52
7.96
5.91
9.28
6.05
4.08
5.93
8.95
6.37
6.01
8.16
6.83
6.29
9.72
10.19
7.83
5.59
10.04
9.26
8.10
3.26
6.65
4.44
5.90
6.90
6.55
5.11
9.48
2.06
8.13
1.66
7.26
4.08
8.50
6.52
6.92
3.75
4.66
6.82
7.76
13.62
6.86
8.74
2.41
2.98
5.41
3.31
10.02
5.27
9.76
10.02
6.41
7.55
6.16
7.65
7.51
5.99
7.56
10.61
8.08
7.11
6.61
3.77
3.73
7.11
2.88
4.38
9.50
11.09
2.14
10.37
5.77
6.26
6.02
9.00
2.28
7.44
3.94
7.73
10.16
6.30
7.24
7.32
4.30
10.08
10.57
8.05
6.48
5.15
4.73
10.58
9.84
6.14
2.35
0.00
3.59
5.97
9.80
4.67
7.56
9.56
6.62
5.94
3.03
3.29
7.34
5.80
6.61
6.18
7.96
4.34
5.46
11.04
4.30
5.60
4.83
7.41
8.86
5.05
5.22
5.60
7.62
4.45
5.36
0.37
2.85
6.02
8.54
7.04
3.55
2.80
6.74
2.17
8.96
6.46
2.28
3.89
4.49
4.37
2.58
4.11
4.59
4.52
9.12
6.56
3.82
5.46
4.10
5.55
8.49
6.93
12.01
7.24
4.02
8.32
9.00
9.04
3.56
5.93
9.13
2.09
5.05
2.73
3.97
3.77
9.43
5.71
4.14
3.71
6.65
6.27
9.66
7.55
2.72
4.73
8.98
4.75
10.64
3.55
7.73
4.15
5.03
9.05
5.98
8.33
7.48
8.18
4.08
5.75
7.36
4.18
10.37
4.36
5.55
3.78
0.94
10.79
5.79
5.18
5.80
9.85
3.89
8.00
5.24
4.81
7.72
8.77
5.02
4.38
3.38
9.06
4.86
1.68
9.82
2.88
8.25
6.76
7.02
4.84
7.21
2.13
7.77
10.19
8.51
1.25
3.84
5.83
7.52
6.03
5.07
7.79
9.21
5.72
8.12
0.00
3.96
5.50
5.08
7.13
8.83
7.57
4.74
2.49
7.69
1.70
7.93
5.83
3.36
7.02
6.29
6.21
6.09
7.35
8.61
7.54
8.83
6.19
10.35
7.73
4.94
3.57
6.81
3.03
3.87
6.90
4.78
3.97
6.21
6.48
5.79
5.36
8.44
7.16
5.74
12.46
6.78
9.13
4.90
2.89
4.32
5.63
5.06
9.64
6.00
7.45
6.18
5.22
6.39
10.59
4.38
8.22
3.73
5.15
6.31
7.12
10.01
6.17
4.19
7.93
5.39
6.90
6.01
1.44
7.57
7.76
8.62
10.80
3.31
7.59
7.32
5.25
7.29
7.55
3.25
6.92
4.01
4.67
1.86
5.12
5.79
7.67
6.30
2.44
8.46
6.00
7.52
8.71
9.86
11.20
6.12
7.08
3.60
8.95
3.34
1.79
8.38
5.00
8.24
7.32
2.22
0.00
3.56
6.34
3.25
4.67
2.65
6.72
6.53
5.10
9.79
10.04
7.71
1.80
3.54
7.32
4.73
5.08
8.55
7.58
9.59
5.23
9.74
4.91
10.05
6.56
4.15
2.22
5.55
5.66
8.44
6.02
5.22
8.99
5.74
4.86
7.74
5.08
7.95
4.81
5.74
6.68
5.36
6.27
8.34
