8.07
4.31
3.93
3.87
7.18
4.72
4.37
5.71
5.19
4.48
6.63
7.10
6.98
6.65
6.10
2.84
8.00
5.95
6.41
7.17
7.65
6.13
6.15
4.60
5.55
4.22
4.42
4.16
5.27
7.07
10.26
5.78
3.48
7.40
5.05
4.51
5.81
3.64
5.83
5.37
5.65
6.07
5.60
5.52
5.93
6.12
3.95
3.36
5.41
3.35
5.63
6.91
6.41
3.93
4.21
5.99
4.90
5.03
6.40
4.02
4.90
4.30
3.94
4.21
6.52
5.58
4.18
5.15
3.04
4.40
8.72
5.36
6.60
5.40
6.02
6.49
3.84
5.45
7.87
4.31
4.65
5.04
5.90
6.29
7.40
6.25
5.41
7.39
6.56
3.26
9.29
8.15
5.25
6.07
7.49
5.24
6.60
7.16
3.98
4.60
6.88
6.19
6.89
5.30
5.07
2.50
3.78
5.57
6.74
6.30
5.31
5.09
5.83
5.62
7.61
5.72
3.28
3.59
7.78
3.74
6.65
5.10
5.25
5.30
7.33
5.21
5.45
3.20
5.81
6.30
5.86
7.60
5.58
5.95
7.97
3.17
4.82
7.64
6.90
6.52
6.75
5.99
7.95
6.07
5.86
5.74
5.79
3.76
6.66
5.30
8.23
5.39
6.13
5.87
4.56
6.99
8.36
5.48
5.05
4.97
2.66
5.23
5.88
7.08
6.94
4.88
5.08
7.19
5.24
4.73
7.59
7.06
5.53
4.61
2.48
6.38
4.16
2.56
7.88
6.47
3.79
3.68
6.81
4.18
7.44
6.42
6.30
6.11
5.79
6.82
4.82
5.63
6.63
6.34
3.71
4.75
5.88
4.89
8.16
4.91
5.26
6.65
6.00
5.28
4.37
5.95
7.06
6.22
4.33
8.11
3.33
3.13
6.94
5.84
4.68
3.85
8.98
5.68
6.30
5.98
6.15
6.31
6.60
4.94
5.06
2.89
4.33
5.91
7.07
6.40
4.99
3.61
1.33
7.23
4.62
4.83
5.70
3.39
4.98
8.54
6.26
6.04
3.13
8.87
3.37
8.38
2.33
7.61
7.93
4.26
6.13
6.32
4.28
3.33
3.52
6.31
5.37
4.65
6.95
6.26
4.37
3.70
6.28
4.69
5.65
7.86
6.25
4.21
5.74
4.07
7.91
4.66
5.81
5.96
5.74
2.56
3.33
4.82
5.98
5.29
4.06
3.48
4.90
4.80
6.27
5.01
6.40
4.61
5.12
4.98
4.33
6.44
4.28
4.72
5.39
3.55
5.01
4.43
4.92
5.41
4.30
5.17
7.46
5.46
7.22
6.02
6.66
4.34
5.66
5.70
4.58
4.27
3.26
7.74
4.04
7.52
4.80
4.21
6.43
4.55
6.35
5.00
6.22
4.05
6.75
6.23
4.12
9.46
6.31
8.94
7.90
5.22
4.88
4.89
2.75
4.46
5.87
7.79
4.34
6.82
3.62
4.62
4.81
6.06
6.19
6.94
6.66
5.86
6.09
7.88
4.73
6.66
2.79
6.12
4.78
5.50
7.06
5.75
6.83
7.71
6.08
7.26
5.01
5.49
4.72
7.06
6.12
4.74
5.73
7.06
5.44
4.08
5.70
2.53
6.65
4.87
4.80
6.81
3.45
8.42
4.78
4.72
7.03
6.56
9.18
5.18
5.32
3.28
5.00
4.42
4.83
2.88
7.99
3.38
1.30
3.72
4.59
3.78
7.15
5.29
5.54
6.42
5.93
6.97
3.84
4.68
6.50
1.70
3.44
6.25
4.78
6.90
6.71
3.70
6.11
7.30
5.72
4.03
6.82
6.45
6.31
6.57
1.01
6.82
8.21
6.15
5.79
6.54
6.01
6.48
5.50
4.35
3.99
4.00
3.44
3.90
8.14
6.63
4.56
4.91
5.67
4.52
5.60
6.67
5.45
6.00
6.83
5.09
5.93
5.04
5.46
5.01
4.71
5.76
6.35
5.72
6.25
4.39
3.69
6.13
6.53
5.57
7.52
6.86
9.52
5.20
4.00
4.39
4.65
6.21
2.26
7.48
5.14
5.13
3.88
5.33
5.52
5.32
6.01
4.62
4.16
6.32
5.65
5.80
7.09
3.97
4.22
7.39
3.28
3.54
6.73
5.86
5.66
5.36
5.55
5.36
7.53
4.90
5.26
8.19
5.54
8.85
5.34
7.55
3.02
5.73
3.12
6.77
3.68
5.93
5.08
3.76
