6.958080294985632008e+01
2.958952558031903379e+01
5.525257405124757071e+01
5.181099826463439229e+01
1.732569398399377292e+01
5.231860639427868875e+01
4.959932192889324654e+01
1.487045661052058421e+01
3.258585103403625993e+01
8.417904809089645823e+01
5.423955582558457422e+01
7.061412850169480748e+01
4.898746312578050777e+01
5.018678290826491661e+01
6.885641304587430511e+01
4.009403548111215798e+01
6.193280769521311413e+01
4.038988213334948796e+01
7.135105151700602732e+01
4.603836880764077222e+01
4.453592114851380046e+01
5.964449192209637829e+01
6.658348476081690137e+01
1.869134062762559623e+01
4.029410005151608942e+01
3.606584641480938558e+01
4.977870980019304170e+01
3.323665626062735612e+01
7.239838078888539030e+01
3.419069511224515878e+01
3.386091939321521949e+01
4.026778682227226369e+01
6.283615329241797554e+01
5.707361060777154194e+01
4.457070098162544269e+01
3.604995359953715450e+01
4.365817789288365702e+01
7.390835387082779562e+01
1.145929016982933035e+00
1.851067761326044803e+01
4.305005387324303712e+01
6.324799487778417983e+01
3.096558209407213269e+01
7.671292111433190541e+01
2.479173686828953294e+01
3.910996707952181595e+01
3.318873023889754847e+01
7.162000803615077871e+01
8.598251361544869553e+01
3.857671198290604764e+01
6.638277950819895068e+01
4.435802941154506840e+01
3.339999644430946546e+01
6.356638653460773014e+01
4.044623206498004464e+01
6.114711314173784018e+01
5.406479499652927956e+01
6.879595604441233547e+01
6.944370779051686782e+01
6.729957843858693423e+01
6.171205836805053480e+01
5.905437640258990939e+01
5.185653556369979356e+01
3.772452066527169734e+01
5.322318577839393328e+01
3.606536379088807109e+01
8.306940267480786133e+01
4.074073023073265887e+01
3.639865902244844875e+01
5.204921768844375407e+01
3.029487634434609689e+01
6.745810359499644449e+01
6.326481520021712868e+01
4.366836315913411681e+01
5.621674972377027046e+01
5.761663644841645748e+01
3.071677732999970800e+01
6.087060684281789236e+01
5.383214362877215819e+01
3.860817486332587833e+01
5.746388042360325699e+01
4.216336880036049450e+01
7.018248470896178048e+01
5.945132599332388423e+01
4.711448868874750673e+01
2.549070306334499492e+01
4.013531398448181875e+01
4.352616767294021827e+01
4.423984223795532955e+01
4.577721741252960896e+01
3.898334983157833022e+01
4.353271843865611856e+01
2.233071792118387933e+01
5.730539571776235874e+01
3.273866310737938079e+01
3.420459045947738730e+01
5.551864286791087721e+01
4.961667729609693112e+01
5.416633019271061045e+01
2.659725619051910783e+01
5.801618340170153232e+01
5.481567693403125929e+01
5.437242884103004315e+01
7.076507513589805853e+01
3.911277455470749231e+01
6.800820570429790735e+01
4.551837942577702734e+01
5.934924400354188379e+01
7.302130311425241871e+01
4.368513055131522549e+01
6.029108476993481247e+01
4.099181954576267373e+01
6.797826559449870842e+01
5.451611583592084287e+01
5.126263658336065276e+01
7.330113888898388552e+01
6.373189914150386670e+01
7.563906797248671410e+01
3.865610336831177563e+01
3.151608131826998616e+01
5.171033834426422970e+01
4.035974943760806610e+01
4.474135896470197338e+01
4.149451628022656990e+01
6.237355101996288909e+01
5.220089931301365027e+01
4.075168952006931988e+01
4.204609957000990761e+01
4.809935394246713258e+01
5.062203618064277322e+01
9.107646149378467726e+01
3.927490162380828309e+01
5.746737496969170422e+01
6.303187816957309764e+01
3.534707092310655696e+01
3.862178216615993875e+01
7.631898546971265773e+01
4.860577108867356344e+01
3.989303311565316079e+01
5.831193401926694264e+01
8.160951411070186623e+01
6.375364858352146769e+01
3.277303773264065256e+01
5.418520632504552736e+01
4.571857500781970174e+01
3.349394734042948585e+01
5.039086111865756834e+01
6.572999678872331231e+01
5.141407756800441575e+01
2.939599732616029470e+01
3.909998173809368893e+01
5.577483825573700926e+01
4.803358741233902407e+01
6.857062699357047109e+01
5.753067765360002284e+01
6.286001730829946155e+01
4.783641661759995856e+01
6.334989516671419096e+01
3.657699455307661651e+01
6.448456363878987929e+01
6.090727439986089564e+01
5.124134322217391713e+01
2.225581100344474805e+01
5.412472787102932870e+01
3.720477943590827863e+01
5.847043315762839910e+01
6.058423511354547486e+01
3.382926227722248314e+01
2.595339571511796350e+01
3.346025100482191306e+01
5.660150601427288564e+01
3.894480428331890920e+01
7.052119345037863241e+01
5.659949788173972962e+01
6.197456725245861975e+01
4.177187544508119998e+01
2.833011132723015635e+01
5.479932700421269232e+01
5.767850254055618109e+01
5.271449078156857837e+01
4.743559289488769082e+01
3.867575922499309371e+01
3.570457366143915579e+01
7.378248981516465221e+01
7.397701645966365902e+01
3.982170724555754049e+01
7.984231332318348962e+01
4.878873412807226373e+01
4.004047402540520295e+01
5.763624331883342933e+01
5.922361441091686629e+01
4.825950831933587892e+01
4.211292212191258955e+01
4.600206199937003504e+01
4.473971628133752176e+01
4.559914630884618703e+01
7.600350893623229354e+01
6.979572201683862431e+01
4.308187585588305524e+01
4.764612719838271460e+01
6.938005289126220987e+01
8.733550247614105899e+01
3.684450004402638257e+01
6.047133400171702533e+01
4.218132088709473493e+01
2.944285068512422043e+01
6.213501841510941404e+01
4.564485933905277193e+01
6.671539747731392822e+01
4.264037984920859969e+01
3.553607248898168791e+01
5.715098320754253791e+01
3.047247322350484211e+01
5.801872737047166595e+01
3.894285231695328520e+01
7.573140968869537915e+01
5.401798031758498553e+01
5.215618288277985926e+01
5.701067020007153019e+01
5.847332923239969205e+01
6.098684316280579765e+01
2.940824640040989735e+01
4.289235376601457972e+01
8.529343510081672264e+01
6.893727798036428567e+01
6.654211933834443471e+01
5.823934877023675938e+01
8.457867561790473587e+01
4.662162063395193456e+01
8.438236791041524043e+01
4.852275610861097732e+01
5.108205494376067435e+01
6.687055346368788378e+01
3.235741762823035117e+01
4.395953490818786946e+01
4.418747115073793452e+01
5.257472815034552838e+01
3.959464888518532177e+01
3.431742484198501586e+01
2.593111070263072193e+01
5.507733485775344917e+01
4.424511963555982419e+01
3.177982774999917126e+01
3.972049477317912647e+01
3.701786354045368910e+01
5.629190176963147962e+01
3.599254392015237158e+01
7.036104021286118382e+01
5.691641278610614307e+01
6.233092844420433210e+01
6.018540445549123774e+01
6.168765522554448921e+01
5.102453444611466438e+01
4.139507408996153259e+01
4.511219000488294739e+01
7.704826982959471593e+01
5.173994728378930574e+01
5.068850416571592632e+01
3.464206388274570259e+01
5.682819384175269306e+01
3.477659344797135788e+01
2.726823618514321623e+01
6.021197238838554711e+01
5.497555579051465457e+01
2.822796263111035842e+01
1.032401727916858647e+01
4.249930439720846209e+01
6.373593100837601355e+01
6.584045023564753762e+01
2.861355282088578633e+01
1.715744432749507808e+01
5.364420349464826643e+01
5.508424361895290389e+01
5.164663834177994062e+01
7.592038033593507862e+01
4.071474098364812733e+01
6.272885131161511651e+01
3.495303702101471544e+01
8.790754278349263018e+01
5.292810507641818418e+01
2.003149216290714207e+01
1.792527878084399617e+01
7.881107173125425902e+01
6.100382178467955185e+01
3.470707806466432999e+01
5.606786451563666418e+01
4.927998936556048193e+01
3.967745491632229005e+01
6.660205594596790490e+01
6.635168235497175715e+01
3.986494985043778883e+01
3.495746565502939518e+01
3.437376827707602445e+01
4.469174386048796066e+01
4.612689001475088446e+01
3.938941375151013347e+01
4.145883804735763078e+01
3.019885658980532384e+01
4.015181104154873282e+01
5.153425825399707350e+01
3.752895989808556010e+01
4.247609927982642830e+01
3.397146718044841407e+01
6.008560166575939832e+01
2.327768259169025811e+01
5.576123459763849155e+01
5.903965922133114930e+01
5.963971860362111244e+01
5.962144411466965011e+01
3.996991205345084097e+01
5.789466580764292303e+01
6.502237968986464978e+01
4.654527748986534164e+01
7.668880516098062117e+01
6.559157490000359303e+01
2.614589038801176102e+01
3.638719511156573105e+01
2.950819041674167664e+01
3.062946281494281564e+01
3.502230464534780197e+01
4.726953988296831710e+01
7.448308749158591979e+01
6.104980115919287442e+01
4.945850812567960730e+01
4.328856561385094182e+01
5.944300066736731480e+01
4.698293570585460088e+01
4.463648511140534225e+01
5.256846082615231097e+01
3.571252145273783185e+01
4.616947820219719034e+01
4.811575023994821265e+01
3.415661149045060085e+01
4.514751527144859722e+01
5.681260373132120378e+01
7.803339141303537474e+01
6.142010269343222717e+01
3.417152982165931974e+01
3.963154142315976713e+01
5.357072072990091272e+01
5.630634005907018036e+01
4.178379968688112456e+01
6.326324615319779099e+01
6.398638113760899415e+01
4.589018437548114804e+01
5.368267419976949384e+01
4.715961459680194423e+01
4.201976897487799079e+01
6.470376047973272193e+01
1.795176514522694333e+01
4.832425353051814909e+01
3.599537451201785387e+01
4.099269866631243531e+01
7.631011924083459519e+00
4.308076294039263132e+01
4.565192622620679685e+01
4.064810998150713317e+01
4.399730777288498729e+01
4.127514951423017919e+01
2.874194522398695284e+01
2.888700651141191145e+01
5.306136061372200885e+01
6.285799521945639867e+01
6.260594533241302884e+01
6.148031493653104462e+01
4.955319813497903425e+01
3.177756979549038618e+01
5.751669762143296794e+01
3.397310302750477007e+01
5.678301087344181042e+01
3.952632388117328333e+01
6.907224448846181986e+01
6.531570207884684010e+01
3.820484354859587484e+01
4.936025487376249998e+01
3.802463470459662886e+01
4.188505287502196239e+01
7.660538769129027514e+01
7.590858052046144167e+01
5.786671129258349566e+01
3.689975213427443634e+01
6.545045923913551178e+01
7.668188827850627831e+01
3.715206427633500397e+01
5.735896828696643723e+01
5.297246063742883138e+01
3.931837079317039496e+01
7.914460327873035794e+01
6.506231925194803978e+01
6.617675677430891312e+01
1.868020028537094035e+01
2.837429329922150245e+01
4.946942131372649243e+01
5.409365185421292210e+01
4.379999250388966914e+01
5.000567214643488256e+01
5.600004833640205959e+01
3.500821312731287804e+01
4.683946468830325216e+01
5.401222913037135953e+01
8.334552671801353085e+01
6.877888800142451942e+01
4.116821158390160207e+01
4.254373906498649660e+01
5.616404329899162917e+01
4.657518367638655121e+01
4.892528960710217234e+01
4.304642208309309126e+01
6.094451570074348723e+01
8.030840124151720261e+01
4.337707220450888457e+01
5.114267091476484950e+01
4.832020975631870385e+01
7.157297938202790988e+01
5.810968510636998019e+01
4.663396548208332604e+01
7.498526438966248975e+01
3.362482472657119104e+01
4.803883190098949996e+01
5.113601118149637870e+01
5.635128990642449764e+01
4.905135122379214607e+01
3.970354005711889300e+01
5.951199063045041271e+01
1.423304205568579306e+01
5.023916646718182477e+01
5.459598931589770388e+01
4.272262583734558916e+01
4.489384471139246102e+01
3.989937358129874667e+01
6.914493561473504712e+01
3.415775804020107387e+01
2.597190676214153982e+01
5.351635292892232343e+01
5.425635058188164095e+01
3.850228967856995155e+01
4.242156976269386348e+01
4.744200006009018011e+01
6.111346141778903984e+01
3.110416396987470833e+01
4.545997640652755223e+01
3.676612572166567361e+01
5.127307729835277428e+01
5.993453578111214597e+01
5.353635543344822167e+01
5.935531690826994122e+01
7.201667734489237205e+01
6.743275460541674704e+01
6.380522958707452119e+01
3.205390542624081718e+01
5.307701664003804609e+01
3.483083860783468566e+01
6.079602000209752077e+01
2.851277124402755803e+01
5.715155336524884433e+01
5.827605336645045497e+01
3.937818933698164869e+01
1.918241093184241208e+01
5.536196311173689821e+01
7.654534987041917304e+01
3.219281928466850218e+01
5.919673666047590643e+01
7.132012458645766628e+01
3.720471156698119586e+01
6.303256832215875960e+01
3.897237679161868584e+01
9.278513991667296068e+01
7.024342567396624304e+01
2.998391625218554424e+01
2.683047832299400426e+01
3.169195664374922217e+01
5.683175029849986259e+01
5.459743765508389401e+01
5.657957698775538802e+01
5.326772829542017007e+01
6.574932707888692107e+01
5.798416484752099365e+01
5.324385829765182621e+01
8.877448360177425002e+01
2.974856546104181021e+01
2.030782583014282849e+01
4.631376279383866290e+01
6.615356341879659396e+01
5.343621826657740570e+01
5.624253279726784172e+01
6.886552755576050799e+01
5.058140289444701665e+01
5.476272315423904757e+01
3.713497000851532448e+01
5.303345172290061527e+01
4.796519023262681003e+01
5.749022777865349809e+01
4.182291157472509724e+01
8.487911618776610112e+01
1.626670129645379603e+01
2.794047000305284456e+01
4.957939549562253490e+01
4.412458653233759520e+01
7.630734522733189351e+01
2.879735114898671000e+01
5.803012268926286765e+01
6.533061852827397331e+01
5.728754484329132879e+01
6.267083224748406423e+01
3.680460320291260246e+01
2.429867589990348975e+01
3.610632857036773657e+01
5.648346689997139691e+01
8.514214945334731510e+01
5.532027896417931601e+01
3.962692242882744864e+01
7.407402124064418558e+01
5.586937105332645359e+01
2.659332116444319993e+01
6.175151206195965159e+01
4.786943185550971691e+01
5.999884250968857913e+01
4.849478708656996417e+01
6.557089809423983695e+01
5.913941165436995107e+01
6.715441643993891319e+01
6.154417203245721169e+01
5.252209805400784148e+01
5.604662096611292554e+01
5.615126541977891605e+01
6.547066291894333290e+01
4.856657283086173749e+01
5.816380322022477145e+01
6.681113921031254677e+01
6.170032024827695238e+01
2.922772063968051981e+01
4.865197195075170100e+01
3.551924004054973238e+01
4.751951676631779264e+01
5.974685280661386599e+01
6.391701194723054869e+01
3.244104336424018697e+01
4.188068790028535915e+01
5.558371226912695562e+01
8.138796248558429625e+01
3.798801349632415736e+01
6.039271684740865709e+01
6.004377023944942948e+01
6.169212539333516077e+01
7.285871257948633684e+01
4.258136711325249735e+01
2.749958136374789319e+01
3.289174067929175749e+01
2.758164885653644660e+01
3.994216086556193090e+01
5.882090426116763382e+01
4.603334511128073814e+01
6.365748333865775521e+01
6.149905942702523021e+01
4.220379117548826287e+01
4.903419191126929633e+01
6.663258025016658337e+01
5.872539542546999769e+01
3.712809891913108373e+01
4.917372411068858895e+01
9.428669309310254221e+01
6.369600999124313745e+01
4.987209849422192320e+01
4.596636728533209748e+01
4.788836261644225800e+01
5.567691210415675584e+01
4.992665644675442849e+01
3.229812807587744317e+01
6.556639037407060755e+01
7.597866355455411735e+01
6.719210815672452952e+01
5.273249239656502141e+01
5.127554847058838305e+01
5.067496889715038577e+01
6.203182909880005269e+01
4.111165282723486314e+01
2.825658590741671716e+01
6.275692254603943354e+01
2.680715243450893226e+01
4.958628449385063419e+01
7.388043519396968861e+01
5.448898226759821739e+01
5.940682593255515087e+01
5.171691339040682323e+01
3.979112820559853247e+01
8.109648357914267081e+01
5.344984248119497039e+01
6.911759365235141672e+01
6.639415597080228792e+01
4.061066738789970998e+01
2.093486118576711164e+01
3.302624783957930532e+01
2.679427796438210407e+01
3.720154829748499736e+01
4.598178350699225803e+01
5.704699206985611681e+01
6.033665923732911551e+01
3.727439891437605723e+01
3.437825838234600440e+01
7.296094586684682781e+01
4.855261352848708611e+01
6.532139432214486874e+01
6.279591447910227942e+01
3.748562300497432886e+01
4.848546748245021831e+01
5.865605190123637414e+01
3.043635869658370652e+01
5.174856859032041712e+01
6.239953089385510054e+01
5.736462366289711667e+01
4.675493459251352135e+01
3.832276534599627382e+01
5.770393177709464538e+01
8.084072697149444764e+01
4.760333602283597543e+01
3.270386323247028315e+01
8.533882589403101804e+01
4.632613074751547799e+01
1.746285387375437637e+01
6.209480320729371527e+01
6.291551841131285272e+01
4.271210297754410590e+01
6.291754631111929541e+01
5.182007167526676739e+01
1.976157649846480524e+01
5.841132476917285032e+01
2.646563822559179258e+01
5.224216543328126505e+01
5.271086279005439934e+01
2.231195794108883845e+01
7.570772246674683004e+01
4.947434166436828917e+01
5.248770419608698035e+01
4.872121933139928274e+01
5.784818962459608827e+01
6.538508612396783803e+01
5.759784590846820862e+01
3.054257626808282922e+01
5.335035313484897301e+01
6.941190339343539506e+01
3.623409960392001494e+01
5.675992288695649535e+01
3.910847411618288305e+01
6.122690033829273659e+01
4.348064528201406631e+01
3.666313284241308423e+01
4.514128737239751388e+01
5.049229975602461451e+01
6.312071093502559194e+01
4.938932037697666289e+01
3.141198447464176979e+01
6.454738526230491402e+01
6.225960741562154510e+01
7.692377379742417531e+01
2.726004284694367996e+01
3.522004756721876362e+01
6.738345192522105265e+01
6.801827524040916728e+01
7.061456983936237464e+01
5.554555179564443534e+01
3.260019852858171419e+01
4.578455987797001825e+01
5.368520587261673427e+01
4.901949951425876861e+01
5.344792251241651115e+01
6.104940245430559287e+01
3.482055616050185876e+01
4.701911224016861723e+01
3.157423496439436761e+01
4.315068461981616110e+01
3.327570846629119217e+01
5.950810724615877234e+01
2.975084439553929272e+01
3.428393957267428505e+01
5.146887674380042910e+01
3.428246863078422280e+01
4.297163039240023608e+01
3.686743661907991054e+01
3.450996310171284165e+01
5.623706827125344887e+01
5.057384158411104380e+01
5.930913560615022817e+01
3.012523409178294287e+01
5.196165165474964454e+01
3.511095544908002353e+01
5.034295019339488420e+01
7.952859238994800251e+01
7.698490048703227728e+01
6.153436641924243133e+01
6.407754742351799848e+01
4.456754261656020333e+01
6.380576918028377520e+01
6.301685357450381275e+01
4.580508189477158254e+01
5.815303508655399156e+01
6.874127375364898285e+01
4.883680703979511861e+01
4.091979471300263071e+01
5.251728953488223794e+01
6.343935283504493583e+01
5.968670941251785678e+01
3.391052196237824035e+01
6.479025039076084624e+01
5.628644363469231848e+01
2.796322056579055371e+01
3.185037976206242760e+01
4.573190469154096860e+01
1.451443066174229557e+01
4.340536650283959119e+01
6.229870856381673150e+01
4.974106465536320343e+01
7.917807669208771415e+01
6.738018827117500109e+01
5.550035786820735240e+01
5.209783259572907355e+01
5.036548814950860731e+01
5.772994212979217110e+01
3.006103531557670294e+01
5.659492489590528663e+01
5.549782245151481419e+01
3.399472951080143446e+01
7.605298307563508331e+01
1.402338401355933684e+00
4.342395966768857107e+01
5.495092496027737639e+01
4.703884896372998980e+01
3.430326145489033252e+01
5.149515968748297468e+01
4.442955481254014671e+01
4.980482295083805155e+01
5.099729643203952634e+01
3.930420990340918053e+01
3.791673438236865934e+01
4.479118492620608549e+01
3.844695380942148688e+01
5.463235051612684856e+01
6.145996384267042600e+01
2.267724183222644996e+01
5.026571569789899740e+01
4.855925038292711093e+01
6.144451947321206831e+01
5.491252676499823338e+01
4.717127615730397849e+01
4.851176439012204611e+01
2.910226771371791799e+01
3.499848016800431338e+01
4.221828235080539571e+01
5.483561566551249911e+01
6.031495593349296769e+01
5.298748556818368627e+01
2.845010884056922862e+01
5.348057864242365866e+01
8.837688237294926807e+01
5.315900665987787477e+01
4.303560062082455318e+01
2.883580215532753144e+01
2.395456375599955123e+01
2.850369000342200820e+01
3.431800848353375955e+01
4.091333546908927588e+01
6.480374936070674607e+01
5.217884350297961049e+01
6.572231284978873589e+01
3.257426299735686115e+01
6.053570768620505760e+01
3.687482532162087523e+01
3.546083201689530995e+01
6.830817721268358866e+01
4.208979993300455646e+01
4.065005738304866156e+01
4.231074442386629642e+01
5.460403146927764340e+01
6.836479673291734116e+01
6.499793888733816516e+01
4.605384876321689092e+01
6.691399192280412933e+01
5.621930527624004981e+01
3.926099220422442215e+01
4.710451244331733989e+01
4.712894174407193759e+01
3.363292144690401386e+01
7.045681724557994130e+01
6.350432626041574480e+01
3.466159602084842817e+01
5.786469080701656509e+01
6.253282857758351554e+01
6.007817347952818920e+01
4.510702064079401907e+01
3.336407448765687889e+01
5.653637060932140201e+01
6.621542952732194465e+01
6.315183183747021189e+01
5.531204530116416151e+01
5.618367040792524847e+01
5.265492669505635348e+01
3.524509509405721275e+01
4.359495137468746861e+01
6.452800427569532360e+01
5.984342988816929676e+01
4.991710377967447698e+01
5.695856184935681910e+01
5.677672091420412670e+01
9.400861217787723945e+01
5.406702068918146864e+01
5.358640440484039402e+01
7.044489679782279268e+01
2.380771026825162551e+01
6.153444221386677526e+01
5.527598439268359698e+01
4.641611669645985216e+01
4.304545951766640854e+01
4.347176699626902519e+01
6.380500254715433073e+01
5.176022516112852401e+01
4.004804457614384461e+01
5.154120197936375547e+01
5.206995877023120300e+01
5.007144134523815637e+01
3.649701768845667971e+01
3.901125441073902778e+01
6.095873301812917333e+01
3.394430064892618049e+01
7.192714539286588149e+01
6.726623915039525059e+01
4.478486852553268704e+01
8.281242528394864166e+01
2.929746493435275667e+01
4.648743701327811095e+01
4.455449639642447579e+01
6.124245315511824828e+01
7.175720603733958569e+01
6.560777932031530213e+01
6.217819201635186488e+01
5.789035189014663985e+01
4.797562191771816487e+01
4.657361079846804586e+01
4.080158117635326676e+01
4.749843047393608231e+01
6.417922334296056874e+01
4.874682254390336311e+01
6.077818315462695153e+01
4.935243882208836652e+01
3.953924088972415518e+01
4.410298986108210784e+01
5.205260391004193821e+01
4.932625033837996398e+01
3.872579094828719803e+01
4.365438051652905926e+01
6.389018484566694411e+01
5.421606328057404056e+01
5.566904227065022326e+01
4.032935342702030113e+01
4.618726457005650587e+01
6.693097093208479009e+01
3.658591576237347454e+01
6.911190613538352068e+01
5.902784086575926636e+01
3.984322255511287381e+01
7.117410378799299053e+01
5.247374308076826566e+01
7.418264745105466318e+01
5.239274366975227792e+01
3.321702179604949379e+01
6.421385182987836515e+01
2.234655532775281017e+01
4.892305688145533082e+01
5.579225681548515325e+01
6.112419203210276919e+01
4.433312801203637576e+01
1.850700534447640422e+01
5.982635502752576429e+01
4.888716727756932556e+01
6.927314525996416705e+01
6.095332238142696468e+01
2.911318414147321576e+01
5.643879710738767841e+01
5.530832808370925591e+01
5.207057827602601208e+01
6.796455638081995687e+01
3.285787722861391558e+01
6.774027059804049600e+01
4.507378995003146827e+01
1.571630570402022187e+01
3.759325117805634164e+01
6.010426690244424464e+01
4.433467962905376680e+01
4.700000008750571112e+01
6.226557312275980394e+01
2.817529371599846755e+01
5.400600221087479724e+01
3.863766453347312080e+01
5.706136104547063326e+01
6.666351764415198033e+01
5.920072112539376263e+01
7.215750084164493217e+01
4.540409181432274011e+01
2.870289527720946410e+01
3.450900254783243071e+01
2.082032061193536521e+01
4.115752553632052724e+01
5.120262817448524117e+01
5.518025437617651363e+01
6.421171970226710357e+01
4.465971338829427850e+01
5.572029369812215549e+01
6.938028080405270259e+01
5.362679574034181229e+01
3.067982024953520437e+01
3.236558252693350823e+01
2.557889073021823734e+01
6.326212135786735757e+01
7.109838800201812603e+01
1.368355388961723662e+01
4.320030471409616268e+01
6.084714461641966210e+01
5.317802200195053075e+01
8.020143059875898928e+01
7.130748582570598160e+01
5.885926714079293731e+01
5.405727968794158755e+01
5.533632945047840224e+01
3.661616695826772627e+01
1.866774005506453094e+01
4.684233976615704620e+01
4.921499204683037476e+01
6.714080173261766049e+01
6.292899005114024646e+01
6.872778274725718006e+01
4.818455773479358584e+01
4.389408281593475181e+01
5.711625276330315160e+01
5.011965579638112445e+01
6.568024108036271969e+01
2.697016173150451479e+01
6.100547661090350715e+01
5.478404874597482177e+01
1.178900487014124110e+01
5.721817419552783690e+01
2.307324686101542000e+01
4.645544640276506954e+01
6.300630867762662035e+01
6.228196731871665293e+01
1.240578792246613915e+01
4.208805963176465781e+01
5.800926245579103835e+01
6.326819127196519332e+01
5.423515539835275234e+01
8.054250883118481852e+01
5.765861499320794792e+01
5.891962065067017562e+01
7.192842659707474695e+01
4.418329629504711420e+01
2.991162145552574358e+01
3.320744616474435418e+01
4.586736471594139175e+01
5.786641524049441188e+01
4.837235487293266800e+01
3.831808539886029052e+01
5.126412675434799837e+01
6.191095332883901392e+01
4.958411544253881686e+01
6.741250503563954055e+01
5.470656317618514919e+01
3.360855630357210089e+01
5.691476036526307070e+01
5.760331903930718056e+01
6.139412469430430974e+01
6.235323007361993319e+01
5.423621140035434962e+01
6.203207482906263692e+01
6.573929516766254721e+01
5.852166033866161143e+01
7.197260941894025166e+01
3.964229831032728413e+01
4.408469460552871766e+01
3.335224337265130856e+01
6.209826245058796701e+01
5.629897702451800257e+01
6.524785167276318987e+01
3.400036340627024600e+01
7.348189984690260701e+01
4.578780154933568980e+01
9.678739628561068287e+00
6.231401823635955139e+01
3.570941886999435866e+01
5.388368258751098239e+01
4.521410012995273320e+01
5.216715001753633629e+01
6.239953066551806415e+01
5.736320792557398818e+01
3.823106348984090630e+01
3.722219889663092829e+01
2.431327164956110920e+01
3.601165583821682503e+01
7.024168635313804998e+01
4.811491302935693426e+01
5.481016404226441807e+01
5.656866496306244585e+01
3.434684261973871600e+01
5.018168094939159829e+01
