-1.222592124899550825e-01 9.661594466808828940e+01
2.981224250309315593e+00 1.466766099421960234e+02
2.132999145397262986e+00 1.080743036299924427e+02
3.621028329442976812e+00 1.588775129240806621e+02
2.818594624931440862e+00 1.336165526285550982e+02
-4.072819806375081342e+00 -3.507433711531376730e+01
3.653681807165908069e+00 1.715472016014276733e+02
4.402288294493551746e+00 2.160929163047557893e+02
1.544853888442454526e+00 1.059228965661726534e+02
3.971798109669766319e+00 1.750975400902460706e+02
-1.698299723210755285e+00 9.522619989642539906e+01
-3.515159632138165069e+00 1.239526386539913005e+01
1.495746119210703995e+00 1.081085839530508963e+02
-4.672699906886567334e+00 -1.052911518237487769e+02
3.383270194772892481e+00 1.526200200542832590e+02
7.264761030115183260e-01 9.680886009190665220e+01
8.826005433742780681e-01 9.806043731214029435e+01
-4.575632342249263296e+00 -9.291252451245301813e+01
1.580568629701909700e+00 9.948021999366511636e+01
2.216546129414916244e+00 1.176383877416653263e+02
3.114516766795494718e+00 1.358071916732420448e+02
1.896899195142795591e+00 1.041122157072258005e+02
1.468449852676692480e+00 1.026224379366301349e+02
1.416408372555772566e+00 9.971858147956670848e+01
-4.577226750341205630e-01 1.062899333704717719e+02
-3.434929016951747016e+00 2.292360640278899808e+01
1.228395770354214100e+00 1.035558945279896363e+02
1.593451447084784256e+00 1.058151373948069107e+02
8.322810239926514697e-02 9.694127845193179382e+01
-8.870648860317098539e-01 9.563249809834447035e+01
3.423066620747713174e+00 1.499554813792619825e+02
3.930088393984616957e+00 1.841266788255876179e+02
1.918072934603757496e+00 1.069009800692094529e+02
-4.967729180219135010e+00 -1.497754000338201763e+02
-3.865036543833467064e+00 -1.670009682178487509e+01
-3.370259824742662502e+00 1.290960825497154119e+01
3.705468181992117138e+00 1.683409382996626675e+02
-4.051263408972053170e+00 -3.169610032713144676e+01
3.959170397581601719e+00 1.921609268219744706e+02
-3.165792931032283875e+00 2.966161879441591154e+01
-8.175486932231281756e-01 1.047558888408138529e+02
-4.846936823173765063e+00 -1.311033104262668303e+02
2.811451676679549649e+00 1.328555868524055086e+02
4.698720646947027291e+00 2.528454788168153300e+02
6.169083789334051104e-01 9.376452408472944455e+01
-2.182362019923723473e+00 8.042234030794571709e+01
2.741170167986836326e+00 1.287708978273341813e+02
4.095524177604305649e+00 1.937744826194428924e+02
4.673082564828632712e+00 2.519521201249579008e+02
-1.008367453666501046e+00 9.214345106637462379e+01
